time,Theta-Q
ordinal,kelvin
7.351136518425926333e+05,3.214961000000000126e+02
7.351136518657407723e+05,3.213937999999999988e+02
7.351136518888889113e+05,3.214961000000000126e+02
7.351136519120370504e+05,3.215984000000000265e+02
7.351136519351851894e+05,3.213937999999999988e+02
7.351136519583333284e+05,3.215984000000000265e+02
7.351136519814814674e+05,3.213937999999999988e+02
7.351136520046296064e+05,3.214961000000000126e+02
7.351136520277777454e+05,3.210869000000000142e+02
7.351136520509260008e+05,3.210869000000000142e+02
7.351136520740741398e+05,3.212914999999999850e+02
7.351136520972222788e+05,3.213937999999999988e+02
7.351136521203704178e+05,3.217006999999999834e+02
7.351136521435185568e+05,3.215984000000000265e+02
7.351136521666666958e+05,3.215984000000000265e+02
7.351136521898148349e+05,3.215984000000000265e+02
7.351136522129629739e+05,3.217006999999999834e+02
7.351136522361111129e+05,3.215984000000000265e+02
7.351136522592592519e+05,3.217006999999999834e+02
7.351136522824073909e+05,3.218029999999999973e+02
7.351136523055555299e+05,3.218029999999999973e+02
7.351136523287036689e+05,3.217006999999999834e+02
7.351136523518519243e+05,3.218029999999999973e+02
7.351136523750000633e+05,3.218029999999999973e+02
7.351136523981482023e+05,3.217006999999999834e+02
7.351136524212963413e+05,3.220075999999999681e+02
7.351136524444444804e+05,3.219053000000000111e+02
7.351136524675926194e+05,3.218029999999999973e+02
7.351136524907407584e+05,3.217006999999999834e+02
7.351136525138888974e+05,3.218029999999999973e+02
7.351136525370370364e+05,3.219053000000000111e+02
7.351136525601851754e+05,3.215984000000000265e+02
7.351136525833333144e+05,3.217006999999999834e+02
7.351136526064814534e+05,3.217006999999999834e+02
7.351136526296297088e+05,3.219053000000000111e+02
7.351136526527778478e+05,3.217006999999999834e+02
7.351136526759259868e+05,3.215984000000000265e+02
7.351136526990741258e+05,3.215984000000000265e+02
7.351136527222222649e+05,3.217006999999999834e+02
7.351136527453704039e+05,3.219053000000000111e+02
7.351136527685185429e+05,3.218029999999999973e+02
7.351136527916666819e+05,3.218029999999999973e+02
7.351136528148148209e+05,3.219053000000000111e+02
7.351136528379629599e+05,3.218029999999999973e+02
7.351136528611110989e+05,3.219053000000000111e+02
7.351136528842592379e+05,3.218029999999999973e+02
7.351136529074073769e+05,3.218029999999999973e+02
7.351136529305556323e+05,3.219053000000000111e+02
7.351136529537037713e+05,3.219053000000000111e+02
7.351136529768519104e+05,3.219053000000000111e+02
7.351136530000000494e+05,3.219053000000000111e+02
7.351136530231481884e+05,3.219053000000000111e+02
7.351136530462963274e+05,3.218029999999999973e+02
7.351136530694444664e+05,3.219053000000000111e+02
7.351136530925926054e+05,3.219053000000000111e+02
7.351136531157407444e+05,3.219053000000000111e+02
7.351136531388888834e+05,3.218029999999999973e+02
7.351136531620370224e+05,3.218029999999999973e+02
7.351136531851851614e+05,3.218029999999999973e+02
7.351136532083333004e+05,3.219053000000000111e+02
7.351136532314815558e+05,3.218029999999999973e+02
7.351136532546296949e+05,3.218029999999999973e+02
7.351136532777778339e+05,3.218029999999999973e+02
7.351136533009259729e+05,3.218029999999999973e+02
7.351136533240741119e+05,3.217006999999999834e+02
7.351136533472222509e+05,3.217006999999999834e+02
7.351136533703703899e+05,3.215984000000000265e+02
7.351136533935185289e+05,3.214961000000000126e+02
7.351136534166666679e+05,3.213937999999999988e+02
7.351136534398148069e+05,3.213937999999999988e+02
7.351136534629629459e+05,3.212914999999999850e+02
7.351136534861110849e+05,3.212914999999999850e+02
7.351136535092592239e+05,3.212914999999999850e+02
7.351136535324074794e+05,3.213937999999999988e+02
7.351136535555556184e+05,3.213937999999999988e+02
7.351136535787037574e+05,3.212914999999999850e+02
7.351136536018518964e+05,3.211891999999999712e+02
7.351136536250000354e+05,3.211891999999999712e+02
7.351136536481481744e+05,3.208823000000000434e+02
7.351136536712963134e+05,3.208823000000000434e+02
7.351136536944444524e+05,3.210869000000000142e+02
7.351136537175925914e+05,3.210869000000000142e+02
7.351136537407407304e+05,3.210869000000000142e+02
7.351136537638888694e+05,3.210869000000000142e+02
7.351136537870370084e+05,3.210869000000000142e+02
7.351136538101852639e+05,3.207799999999999727e+02
7.351136538333334029e+05,3.237466999999999757e+02
7.351136538564815419e+05,3.206776999999999589e+02
7.351136538796296809e+05,3.206776999999999589e+02
7.351136539027778199e+05,3.206776999999999589e+02
7.351136539259259589e+05,3.205754000000000019e+02
7.351136539490740979e+05,3.206776999999999589e+02
7.351136539722222369e+05,3.206776999999999589e+02
7.351136539953703759e+05,3.206776999999999589e+02
7.351136540185185149e+05,3.207799999999999727e+02
7.351136540416666539e+05,3.209846000000000004e+02
7.351136540648147929e+05,3.211891999999999712e+02
7.351136540879629320e+05,3.212914999999999850e+02
7.351136541111111874e+05,3.213937999999999988e+02
7.351136541342593264e+05,3.217006999999999834e+02
7.351136541574074654e+05,3.218029999999999973e+02
7.351136541805556044e+05,3.213937999999999988e+02
7.351136542037037434e+05,3.214961000000000126e+02
7.351136542268518824e+05,3.215984000000000265e+02
7.351136542500000214e+05,3.217006999999999834e+02
7.351136542731481604e+05,3.221098999999999819e+02
7.351136542962962994e+05,3.218029999999999973e+02
7.351136543194444384e+05,3.217006999999999834e+02
7.351136543425925774e+05,3.218029999999999973e+02
7.351136543657407165e+05,3.219053000000000111e+02
7.351136543888888555e+05,3.220075999999999681e+02
7.351136544120371109e+05,3.222121999999999957e+02
7.351136544351852499e+05,3.221098999999999819e+02
7.351136544583333889e+05,3.222121999999999957e+02
7.351136544814815279e+05,3.221098999999999819e+02
7.351136545046296669e+05,3.220075999999999681e+02
7.351136545277778059e+05,3.222121999999999957e+02
7.351136545509259449e+05,3.221098999999999819e+02
7.351136545740740839e+05,3.224168000000000234e+02
7.351136545972222229e+05,3.221098999999999819e+02
7.351136546203703620e+05,3.223145000000000095e+02
7.351136546435185010e+05,3.231329000000000065e+02
7.351136546666666400e+05,3.232351999999999634e+02
7.351136546898147790e+05,3.231329000000000065e+02
7.351136547129630344e+05,3.230305999999999926e+02
7.351136547361111734e+05,3.231329000000000065e+02
7.351136547592593124e+05,3.235421000000000049e+02
7.351136547824074514e+05,3.235421000000000049e+02
7.351136548055555904e+05,3.230305999999999926e+02
7.351136548287037294e+05,3.229283000000000357e+02
7.351136548518518684e+05,3.231329000000000065e+02
7.351136548750000075e+05,3.227236999999999512e+02
7.351136548981481465e+05,3.315215000000000032e+02
7.351136549212962855e+05,3.232351999999999634e+02
7.351136549444444245e+05,3.230305999999999926e+02
7.351136549675925635e+05,3.230305999999999926e+02
7.351136549907408189e+05,3.229283000000000357e+02
7.351136550138889579e+05,3.227236999999999512e+02
7.351136550370370969e+05,3.227236999999999512e+02
7.351136550601852359e+05,3.226213999999999942e+02
7.351136550833333749e+05,3.226213999999999942e+02
7.351136551064815139e+05,3.228260000000000218e+02
7.351136551296296529e+05,3.226213999999999942e+02
7.351136551527777920e+05,3.224168000000000234e+02
7.351136551759259310e+05,3.223145000000000095e+02
7.351136551990740700e+05,3.231329000000000065e+02
7.351136552222222090e+05,3.229283000000000357e+02
7.351136552453703480e+05,3.225190999999999804e+02
7.351136552685184870e+05,3.225190999999999804e+02
7.351136552916667424e+05,3.225190999999999804e+02
7.351136553148148814e+05,3.234398000000000479e+02
7.351136553379630204e+05,3.234398000000000479e+02
7.351136553611111594e+05,3.232351999999999634e+02
7.351136553842592984e+05,3.233374999999999773e+02
7.351136554074074375e+05,3.233374999999999773e+02
7.351136554305555765e+05,3.234398000000000479e+02
7.351136554537037155e+05,3.235421000000000049e+02
7.351136554768518545e+05,3.233374999999999773e+02
7.351136554999999935e+05,3.232351999999999634e+02
7.351136555231481325e+05,3.233374999999999773e+02
7.351136555462962715e+05,3.235421000000000049e+02
7.351136555694444105e+05,3.239513000000000034e+02
7.351136555925926659e+05,3.240535999999999603e+02
7.351136556157408049e+05,3.242581999999999880e+02
7.351136556388889439e+05,3.240535999999999603e+02
7.351136556620370829e+05,3.254858000000000402e+02
7.351136556851852220e+05,3.255880999999999972e+02
7.351136557083333610e+05,3.260996000000000095e+02
7.351136557314815000e+05,3.262019000000000233e+02
7.351136557546296390e+05,3.260996000000000095e+02
7.351136557777777780e+05,3.258949999999999818e+02
7.351136558009259170e+05,3.258949999999999818e+02
7.351136558240740560e+05,3.262019000000000233e+02
7.351136558472221950e+05,3.266110999999999649e+02
7.351136558703703340e+05,3.266110999999999649e+02
7.351136558935185894e+05,3.265088000000000079e+02
7.351136559166667284e+05,3.268156999999999925e+02
7.351136559398148675e+05,3.270203000000000202e+02
7.351136559629630065e+05,3.269180000000000064e+02
7.351136559861111455e+05,3.268156999999999925e+02
7.351136560092592845e+05,3.265088000000000079e+02
7.351136560324074235e+05,3.264064999999999941e+02
7.351136560555555625e+05,3.265088000000000079e+02
7.351136560787037015e+05,3.267134000000000356e+02
7.351136561018518405e+05,3.273271999999999480e+02
7.351136561249999795e+05,3.274295000000000186e+02
7.351136561481481185e+05,3.270203000000000202e+02
7.351136561712963739e+05,3.268156999999999925e+02
7.351136561944445129e+05,3.268156999999999925e+02
7.351136562175926520e+05,3.266110999999999649e+02
7.351136562407407910e+05,3.267134000000000356e+02
7.351136562638889300e+05,3.266110999999999649e+02
7.351136562870370690e+05,3.264064999999999941e+02
7.351136563101852080e+05,3.263041999999999803e+02
7.351136563333333470e+05,3.265088000000000079e+02
7.351136563564814860e+05,3.265088000000000079e+02
7.351136563796296250e+05,3.266110999999999649e+02
7.351136564027777640e+05,3.266110999999999649e+02
7.351136564259259030e+05,3.266110999999999649e+02
7.351136564490740420e+05,3.265088000000000079e+02
7.351136564722222975e+05,3.266110999999999649e+02
7.351136564953704365e+05,3.267134000000000356e+02
7.351136565185185755e+05,3.268156999999999925e+02
7.351136565416667145e+05,3.268156999999999925e+02
7.351136565648148535e+05,3.269180000000000064e+02
7.351136565879629925e+05,3.269180000000000064e+02
7.351136566111111315e+05,3.269180000000000064e+02
7.351136566342592705e+05,3.269180000000000064e+02
7.351136566574074095e+05,3.276340999999999894e+02
7.351136566805555485e+05,3.275318000000000325e+02
7.351136567037036875e+05,3.273271999999999480e+02
7.351136567268518265e+05,3.272248999999999910e+02
7.351136567499999655e+05,3.274295000000000186e+02
7.351136567731482210e+05,3.275318000000000325e+02
7.351136567962963600e+05,3.294755000000000109e+02
7.351136568194444990e+05,3.294755000000000109e+02
7.351136568425926380e+05,3.292708999999999833e+02
7.351136568657407770e+05,3.291685999999999694e+02
7.351136568888889160e+05,3.289639999999999986e+02
7.351136569120370550e+05,3.289639999999999986e+02
7.351136569351851940e+05,3.290663000000000125e+02
7.351136569583333330e+05,3.289639999999999986e+02
7.351136569814814720e+05,3.288616999999999848e+02
7.351136570046296110e+05,3.288616999999999848e+02
7.351136570277777500e+05,3.288616999999999848e+02
7.351136570509260055e+05,3.289639999999999986e+02
7.351136570740741445e+05,3.288616999999999848e+02
7.351136570972222835e+05,3.291685999999999694e+02
7.351136571203704225e+05,3.288616999999999848e+02
7.351136571435185615e+05,3.285548000000000002e+02
7.351136571666667005e+05,3.283501999999999725e+02
7.351136571898148395e+05,3.280433000000000447e+02
7.351136572129629785e+05,3.278386999999999603e+02
7.351136572361111175e+05,3.277364000000000033e+02
7.351136572592592565e+05,3.277364000000000033e+02
7.351136572824073955e+05,3.277364000000000033e+02
7.351136573055555345e+05,3.278386999999999603e+02
7.351136573287036736e+05,3.278386999999999603e+02
7.351136573518519290e+05,3.279409999999999741e+02
7.351136573750000680e+05,3.278386999999999603e+02
7.351136573981482070e+05,3.278386999999999603e+02
7.351136574212963460e+05,3.277364000000000033e+02
7.351136574444444850e+05,3.277364000000000033e+02
7.351136574675926240e+05,3.276340999999999894e+02
7.351136574907407630e+05,3.274295000000000186e+02
7.351136575138889020e+05,3.274295000000000186e+02
7.351136575370370410e+05,3.273271999999999480e+02
7.351136575601851800e+05,3.273271999999999480e+02
7.351136575833333191e+05,3.274295000000000186e+02
7.351136576064814581e+05,3.274295000000000186e+02
7.351136576296295971e+05,3.274295000000000186e+02
7.351136576527778525e+05,3.274295000000000186e+02
7.351136576759259915e+05,3.274295000000000186e+02
7.351136576990741305e+05,3.275318000000000325e+02
7.351136577222222695e+05,3.276340999999999894e+02
7.351136577453704085e+05,3.276340999999999894e+02
7.351136577685185475e+05,3.276340999999999894e+02
7.351136577916666865e+05,3.278386999999999603e+02
7.351136578148148255e+05,3.282479000000000156e+02
7.351136578379629645e+05,3.282479000000000156e+02
7.351136578611111036e+05,3.284524999999999864e+02
7.351136578842592426e+05,3.283501999999999725e+02
7.351136579074073816e+05,3.283501999999999725e+02
7.351136579305555206e+05,3.285548000000000002e+02
7.351136579537037760e+05,3.286570999999999572e+02
7.351136579768519150e+05,3.288616999999999848e+02
7.351136580000000540e+05,3.287594000000000278e+02
7.351136580231481930e+05,3.288616999999999848e+02
7.351136580462963320e+05,3.286570999999999572e+02
7.351136580694444710e+05,3.287594000000000278e+02
7.351136580925926100e+05,3.292708999999999833e+02
7.351136581157407491e+05,3.295778000000000247e+02
7.351136581388888881e+05,3.293731999999999971e+02
7.351136581620370271e+05,3.294755000000000109e+02
7.351136581851851661e+05,3.290663000000000125e+02
7.351136582083333051e+05,3.291685999999999694e+02
7.351136582314815605e+05,3.294755000000000109e+02
7.351136582546296995e+05,3.294755000000000109e+02
7.351136582777778385e+05,3.298846999999999525e+02
7.351136583009259775e+05,3.296800999999999817e+02
7.351136583240741165e+05,3.295778000000000247e+02
7.351136583472222555e+05,3.296800999999999817e+02
7.351136583703703946e+05,3.296800999999999817e+02
7.351136583935185336e+05,3.295778000000000247e+02
7.351136584166666726e+05,3.294755000000000109e+02
7.351136584398148116e+05,3.293731999999999971e+02
7.351136584629629506e+05,3.293731999999999971e+02
7.351136584861110896e+05,3.294755000000000109e+02
7.351136585092592286e+05,3.292708999999999833e+02
7.351136585324074840e+05,3.292708999999999833e+02
7.351136585555556230e+05,3.291685999999999694e+02
7.351136585787037620e+05,3.290663000000000125e+02
7.351136586018519010e+05,3.291685999999999694e+02
7.351136586250000400e+05,3.291685999999999694e+02
7.351136586481481791e+05,3.289639999999999986e+02
7.351136586712963181e+05,3.290663000000000125e+02
7.351136586944444571e+05,3.291685999999999694e+02
7.351136587175925961e+05,3.290663000000000125e+02
7.351136587407407351e+05,3.290663000000000125e+02
7.351136587638888741e+05,3.289639999999999986e+02
7.351136587870370131e+05,3.365341999999999985e+02
7.351136588101851521e+05,3.286570999999999572e+02
7.351136588333334075e+05,3.287594000000000278e+02
7.351136588564815465e+05,3.286570999999999572e+02
7.351136588796296855e+05,3.285548000000000002e+02
7.351136589027778246e+05,3.284524999999999864e+02
7.351136589259259636e+05,3.283501999999999725e+02
7.351136589490741026e+05,3.283501999999999725e+02
7.351136589722222416e+05,3.280433000000000447e+02
7.351136589953703806e+05,3.280433000000000447e+02
7.351136590185185196e+05,3.281456000000000017e+02
7.351136590416666586e+05,3.280433000000000447e+02
7.351136590648147976e+05,3.280433000000000447e+02
7.351136590879629366e+05,3.279409999999999741e+02
7.351136591111110756e+05,3.276340999999999894e+02
7.351136591342593310e+05,3.276340999999999894e+02
7.351136591574074700e+05,3.276340999999999894e+02
7.351136591805556091e+05,3.276340999999999894e+02
7.351136592037037481e+05,3.277364000000000033e+02
7.351136592268518871e+05,3.277364000000000033e+02
7.351136592500000261e+05,3.278386999999999603e+02
7.351136592731481651e+05,3.278386999999999603e+02
7.351136592962963041e+05,3.277364000000000033e+02
7.351136593194444431e+05,3.277364000000000033e+02
7.351136593425925821e+05,3.277364000000000033e+02
7.351136593657407211e+05,3.275318000000000325e+02
7.351136593888888601e+05,3.275318000000000325e+02
7.351136594120371155e+05,3.274295000000000186e+02
7.351136594351852546e+05,3.275318000000000325e+02
7.351136594583333936e+05,3.276340999999999894e+02
7.351136594814815326e+05,3.276340999999999894e+02
7.351136595046296716e+05,3.276340999999999894e+02
7.351136595277778106e+05,3.276340999999999894e+02
7.351136595509259496e+05,3.277364000000000033e+02
7.351136595740740886e+05,3.277364000000000033e+02
7.351136595972222276e+05,3.277364000000000033e+02
7.351136596203703666e+05,3.277364000000000033e+02
7.351136596435185056e+05,3.275318000000000325e+02
7.351136596666666446e+05,3.272248999999999910e+02
7.351136596898147836e+05,3.270203000000000202e+02
7.351136597129630391e+05,3.268156999999999925e+02
7.351136597361111781e+05,3.269180000000000064e+02
7.351136597592593171e+05,3.270203000000000202e+02
7.351136597824074561e+05,3.269180000000000064e+02
7.351136598055555951e+05,3.269180000000000064e+02
7.351136598287037341e+05,3.269180000000000064e+02
7.351136598518518731e+05,3.268156999999999925e+02
7.351136598750000121e+05,3.267134000000000356e+02
7.351136598981481511e+05,3.267134000000000356e+02
7.351136599212962901e+05,3.268156999999999925e+02
7.351136599444444291e+05,3.268156999999999925e+02
7.351136599675925681e+05,3.268156999999999925e+02
7.351136599907407071e+05,3.269180000000000064e+02
7.351136600138889626e+05,3.270203000000000202e+02
7.351136600370371016e+05,3.269180000000000064e+02
7.351136600601852406e+05,3.268156999999999925e+02
7.351136600833333796e+05,3.268156999999999925e+02
7.351136601064815186e+05,3.326468000000000416e+02
7.351136601296296576e+05,3.271225999999999772e+02
7.351136601527777966e+05,3.272248999999999910e+02
7.351136601759259356e+05,3.271225999999999772e+02
7.351136601990740746e+05,3.272248999999999910e+02
7.351136602222222136e+05,3.274295000000000186e+02
7.351136602453703526e+05,3.272248999999999910e+02
7.351136602685184916e+05,3.272248999999999910e+02
7.351136602916666307e+05,3.271225999999999772e+02
7.351136603148148861e+05,3.271225999999999772e+02
7.351136603379630251e+05,3.271225999999999772e+02
7.351136603611111641e+05,3.271225999999999772e+02
7.351136603842593031e+05,3.270203000000000202e+02
7.351136604074074421e+05,3.271225999999999772e+02
7.351136604305555811e+05,3.270203000000000202e+02
7.351136604537037201e+05,3.270203000000000202e+02
7.351136604768518591e+05,3.271225999999999772e+02
7.351136604999999981e+05,3.270203000000000202e+02
7.351136605231481371e+05,3.270203000000000202e+02
7.351136605462962762e+05,3.271225999999999772e+02
7.351136605694444152e+05,3.272248999999999910e+02
7.351136605925926706e+05,3.272248999999999910e+02
7.351136606157408096e+05,3.273271999999999480e+02
7.351136606388889486e+05,3.274295000000000186e+02
7.351136606620370876e+05,3.274295000000000186e+02
7.351136606851852266e+05,3.274295000000000186e+02
7.351136607083333656e+05,3.313169000000000324e+02
7.351136607314815046e+05,3.275318000000000325e+02
7.351136607546296436e+05,3.275318000000000325e+02
7.351136607777777826e+05,3.274295000000000186e+02
7.351136608009259216e+05,3.274295000000000186e+02
7.351136608240740607e+05,3.274295000000000186e+02
7.351136608472221997e+05,3.274295000000000186e+02
7.351136608703703387e+05,3.274295000000000186e+02
7.351136608935185941e+05,3.274295000000000186e+02
7.351136609166667331e+05,3.274295000000000186e+02
7.351136609398148721e+05,3.273271999999999480e+02
7.351136609629630111e+05,3.273271999999999480e+02
7.351136609861111501e+05,3.272248999999999910e+02
7.351136610092592891e+05,3.271225999999999772e+02
7.351136610324074281e+05,3.270203000000000202e+02
7.351136610555555671e+05,3.271225999999999772e+02
7.351136610787037062e+05,3.271225999999999772e+02
7.351136611018518452e+05,3.268156999999999925e+02
7.351136611249999842e+05,3.267134000000000356e+02
7.351136611481481232e+05,3.267134000000000356e+02
7.351136611712962622e+05,3.267134000000000356e+02
7.351136611944445176e+05,3.266110999999999649e+02
7.351136612175926566e+05,3.267134000000000356e+02
7.351136612407407956e+05,3.267134000000000356e+02
7.351136612638889346e+05,3.266110999999999649e+02
7.351136612870370736e+05,3.266110999999999649e+02
7.351136613101852126e+05,3.266110999999999649e+02
7.351136613333333516e+05,3.266110999999999649e+02
7.351136613564814907e+05,3.265088000000000079e+02
7.351136613796296297e+05,3.263041999999999803e+02
7.351136614027777687e+05,3.266110999999999649e+02
7.351136614259259077e+05,3.264064999999999941e+02
7.351136614490740467e+05,3.265088000000000079e+02
7.351136614722221857e+05,3.262019000000000233e+02
7.351136614953704411e+05,3.264064999999999941e+02
7.351136615185185801e+05,3.265088000000000079e+02
7.351136615416667191e+05,3.266110999999999649e+02
7.351136615648148581e+05,3.266110999999999649e+02
7.351136615879629971e+05,3.266110999999999649e+02
7.351136616111111362e+05,3.266110999999999649e+02
7.351136616342592752e+05,3.265088000000000079e+02
7.351136616574074142e+05,3.272248999999999910e+02
7.351136616805555532e+05,3.267134000000000356e+02
7.351136617037036922e+05,3.265088000000000079e+02
7.351136617268518312e+05,3.266110999999999649e+02
7.351136617499999702e+05,3.266110999999999649e+02
7.351136617731482256e+05,3.265088000000000079e+02
7.351136617962963646e+05,3.266110999999999649e+02
7.351136618194445036e+05,3.267134000000000356e+02
7.351136618425926426e+05,3.267134000000000356e+02
7.351136618657407816e+05,3.265088000000000079e+02
7.351136618888889207e+05,3.265088000000000079e+02
7.351136619120370597e+05,3.266110999999999649e+02
7.351136619351851987e+05,3.269180000000000064e+02
7.351136619583333377e+05,3.266110999999999649e+02
7.351136619814814767e+05,3.266110999999999649e+02
7.351136620046296157e+05,3.265088000000000079e+02
7.351136620277777547e+05,3.265088000000000079e+02
7.351136620509258937e+05,3.267134000000000356e+02
7.351136620740741491e+05,3.267134000000000356e+02
7.351136620972222881e+05,3.266110999999999649e+02
7.351136621203704271e+05,3.263041999999999803e+02
7.351136621435185662e+05,3.267134000000000356e+02
7.351136621666667052e+05,3.264064999999999941e+02
7.351136621898148442e+05,3.265088000000000079e+02
7.351136622129629832e+05,3.264064999999999941e+02
7.351136622361111222e+05,3.265088000000000079e+02
7.351136622592592612e+05,3.264064999999999941e+02
7.351136622824074002e+05,3.264064999999999941e+02
7.351136623055555392e+05,3.266110999999999649e+02
7.351136623287036782e+05,3.266110999999999649e+02
7.351136623518518172e+05,3.266110999999999649e+02
7.351136623750000726e+05,3.267134000000000356e+02
7.351136623981482117e+05,3.267134000000000356e+02
7.351136624212963507e+05,3.270203000000000202e+02
7.351136624444444897e+05,3.270203000000000202e+02
7.351136624675926287e+05,3.271225999999999772e+02
7.351136624907407677e+05,3.273271999999999480e+02
7.351136625138889067e+05,3.274295000000000186e+02
7.351136625370370457e+05,3.276340999999999894e+02
7.351136625601851847e+05,3.278386999999999603e+02
7.351136625833333237e+05,3.278386999999999603e+02
7.351136626064814627e+05,3.279409999999999741e+02
7.351136626296296017e+05,3.280433000000000447e+02
7.351136626527778571e+05,3.281456000000000017e+02
7.351136626759259962e+05,3.282479000000000156e+02
7.351136626990741352e+05,3.284524999999999864e+02
7.351136627222222742e+05,3.285548000000000002e+02
7.351136627453704132e+05,3.288616999999999848e+02
7.351136627685185522e+05,3.290663000000000125e+02
7.351136627916666912e+05,3.291685999999999694e+02
7.351136628148148302e+05,3.291685999999999694e+02
7.351136628379629692e+05,3.291685999999999694e+02
7.351136628611111082e+05,3.291685999999999694e+02
7.351136628842592472e+05,3.291685999999999694e+02
7.351136629074073862e+05,3.292708999999999833e+02
7.351136629305555252e+05,3.293731999999999971e+02
7.351136629537037807e+05,3.293731999999999971e+02
7.351136629768519197e+05,3.292708999999999833e+02
7.351136630000000587e+05,3.292708999999999833e+02
7.351136630231481977e+05,3.291685999999999694e+02
7.351136630462963367e+05,3.292708999999999833e+02
7.351136630694444757e+05,3.293731999999999971e+02
7.351136630925926147e+05,3.293731999999999971e+02
7.351136631157407537e+05,3.294755000000000109e+02
7.351136631388888927e+05,3.294755000000000109e+02
7.351136631620370317e+05,3.294755000000000109e+02
7.351136631851851707e+05,3.294755000000000109e+02
7.351136632083333097e+05,3.295778000000000247e+02
7.351136632314814487e+05,3.296800999999999817e+02
7.351136632546297042e+05,3.296800999999999817e+02
7.351136632777778432e+05,3.296800999999999817e+02
7.351136633009259822e+05,3.297823999999999955e+02
7.351136633240741212e+05,3.296800999999999817e+02
7.351136633472222602e+05,3.296800999999999817e+02
7.351136633703703992e+05,3.295778000000000247e+02
7.351136633935185382e+05,3.295778000000000247e+02
7.351136634166666772e+05,3.296800999999999817e+02
7.351136634398148162e+05,3.295778000000000247e+02
7.351136634629629552e+05,3.295778000000000247e+02
7.351136634861110942e+05,3.295778000000000247e+02
7.351136635092592333e+05,3.295778000000000247e+02
7.351136635324073723e+05,3.295778000000000247e+02
7.351136635555556277e+05,3.295778000000000247e+02
7.351136635787037667e+05,3.294755000000000109e+02
7.351136636018519057e+05,3.294755000000000109e+02
7.351136636250000447e+05,3.294755000000000109e+02
7.351136636481481837e+05,3.294755000000000109e+02
7.351136636712963227e+05,3.294755000000000109e+02
7.351136636944444617e+05,3.294755000000000109e+02
7.351136637175926007e+05,3.294755000000000109e+02
7.351136637407407397e+05,3.294755000000000109e+02
7.351136637638888787e+05,3.294755000000000109e+02
7.351136637870370178e+05,3.294755000000000109e+02
7.351136638101851568e+05,3.294755000000000109e+02
7.351136638333334122e+05,3.294755000000000109e+02
7.351136638564815512e+05,3.294755000000000109e+02
7.351136638796296902e+05,3.294755000000000109e+02
7.351136639027778292e+05,3.294755000000000109e+02
7.351136639259259682e+05,3.294755000000000109e+02
7.351136639490741072e+05,3.295778000000000247e+02
7.351136639722222462e+05,3.323399000000000001e+02
7.351136639953703852e+05,3.295778000000000247e+02
7.351136640185185242e+05,3.295778000000000247e+02
7.351136640416666633e+05,3.294755000000000109e+02
7.351136640648148023e+05,3.295778000000000247e+02
7.351136640879629413e+05,3.294755000000000109e+02
7.351136641111110803e+05,3.295778000000000247e+02
7.351136641342593357e+05,3.295778000000000247e+02
7.351136641574074747e+05,3.294755000000000109e+02
7.351136641805556137e+05,3.294755000000000109e+02
7.351136642037037527e+05,3.294755000000000109e+02
7.351136642268518917e+05,3.295778000000000247e+02
7.351136642500000307e+05,3.295778000000000247e+02
7.351136642731481697e+05,3.295778000000000247e+02
7.351136642962963087e+05,3.295778000000000247e+02
7.351136643194444478e+05,3.295778000000000247e+02
7.351136643425925868e+05,3.294755000000000109e+02
7.351136643657407258e+05,3.294755000000000109e+02
7.351136643888888648e+05,3.294755000000000109e+02
7.351136644120370038e+05,3.293731999999999971e+02
7.351136644351852592e+05,3.294755000000000109e+02
7.351136644583333982e+05,3.294755000000000109e+02
7.351136644814815372e+05,3.293731999999999971e+02
7.351136645046296762e+05,3.293731999999999971e+02
7.351136645277778152e+05,3.292708999999999833e+02
7.351136645509259542e+05,3.292708999999999833e+02
7.351136645740740933e+05,3.292708999999999833e+02
7.351136645972222323e+05,3.292708999999999833e+02
7.351136646203703713e+05,3.292708999999999833e+02
7.351136646435185103e+05,3.292708999999999833e+02
7.351136646666666493e+05,3.292708999999999833e+02
7.351136646898147883e+05,3.292708999999999833e+02
7.351136647129629273e+05,3.292708999999999833e+02
7.351136647361111827e+05,3.292708999999999833e+02
7.351136647592593217e+05,3.291685999999999694e+02
7.351136647824074607e+05,3.291685999999999694e+02
7.351136648055555997e+05,3.292708999999999833e+02
7.351136648287037387e+05,3.291685999999999694e+02
7.351136648518518778e+05,3.292708999999999833e+02
7.351136648750000168e+05,3.290663000000000125e+02
7.351136648981481558e+05,3.290663000000000125e+02
7.351136649212962948e+05,3.290663000000000125e+02
7.351136649444444338e+05,3.290663000000000125e+02
7.351136649675925728e+05,3.289639999999999986e+02
7.351136649907407118e+05,3.289639999999999986e+02
7.351136650138889672e+05,3.288616999999999848e+02
7.351136650370371062e+05,3.289639999999999986e+02
7.351136650601852452e+05,3.288616999999999848e+02
7.351136650833333842e+05,3.288616999999999848e+02
7.351136651064815233e+05,3.288616999999999848e+02
7.351136651296296623e+05,3.287594000000000278e+02
7.351136651527778013e+05,3.287594000000000278e+02
7.351136651759259403e+05,3.287594000000000278e+02
7.351136651990740793e+05,3.288616999999999848e+02
7.351136652222222183e+05,3.288616999999999848e+02
7.351136652453703573e+05,3.288616999999999848e+02
7.351136652685184963e+05,3.288616999999999848e+02
7.351136652916666353e+05,3.288616999999999848e+02
7.351136653148148907e+05,3.288616999999999848e+02
7.351136653379630297e+05,3.288616999999999848e+02
7.351136653611111687e+05,3.288616999999999848e+02
7.351136653842593078e+05,3.287594000000000278e+02
7.351136654074074468e+05,3.271225999999999772e+02
7.351136654305555858e+05,3.286570999999999572e+02
7.351136654537037248e+05,3.287594000000000278e+02
7.351136654768518638e+05,3.287594000000000278e+02
7.351136655000000028e+05,3.287594000000000278e+02
7.351136655231481418e+05,3.286570999999999572e+02
7.351136655462962808e+05,3.287594000000000278e+02
7.351136655694444198e+05,3.286570999999999572e+02
7.351136655925925588e+05,3.286570999999999572e+02
7.351136656157408142e+05,3.286570999999999572e+02
7.351136656388889533e+05,3.285548000000000002e+02
7.351136656620370923e+05,3.285548000000000002e+02
7.351136656851852313e+05,3.285548000000000002e+02
7.351136657083333703e+05,3.284524999999999864e+02
7.351136657314815093e+05,3.285548000000000002e+02
7.351136657546296483e+05,3.285548000000000002e+02
7.351136657777777873e+05,3.286570999999999572e+02
7.351136658009259263e+05,3.286570999999999572e+02
7.351136658240740653e+05,3.286570999999999572e+02
7.351136658472222043e+05,3.285548000000000002e+02
7.351136658703703433e+05,3.284524999999999864e+02
7.351136658935184823e+05,3.285548000000000002e+02
7.351136659166667378e+05,3.284524999999999864e+02
7.351136659398148768e+05,3.284524999999999864e+02
7.351136659629630158e+05,3.284524999999999864e+02
7.351136659861111548e+05,3.283501999999999725e+02
7.351136660092592938e+05,3.282479000000000156e+02
7.351136660324074328e+05,3.282479000000000156e+02
7.351136660555555718e+05,3.281456000000000017e+02
7.351136660787037108e+05,3.293731999999999971e+02
7.351136661018518498e+05,3.282479000000000156e+02
7.351136661249999888e+05,3.282479000000000156e+02
7.351136661481481278e+05,3.282479000000000156e+02
7.351136661712962668e+05,3.282479000000000156e+02
7.351136661944445223e+05,3.281456000000000017e+02
7.351136662175926613e+05,3.282479000000000156e+02
7.351136662407408003e+05,3.283501999999999725e+02
7.351136662638889393e+05,3.283501999999999725e+02
7.351136662870370783e+05,3.282479000000000156e+02
7.351136663101852173e+05,3.282479000000000156e+02
7.351136663333333563e+05,3.281456000000000017e+02
7.351136663564814953e+05,3.279409999999999741e+02
7.351136663796296343e+05,3.279409999999999741e+02
7.351136664027777733e+05,3.277364000000000033e+02
7.351136664259259123e+05,3.277364000000000033e+02
7.351136664490740513e+05,3.278386999999999603e+02
7.351136664722221904e+05,3.277364000000000033e+02
7.351136664953704458e+05,3.277364000000000033e+02
7.351136665185185848e+05,3.278386999999999603e+02
7.351136665416667238e+05,3.278386999999999603e+02
7.351136665648148628e+05,3.279409999999999741e+02
7.351136665879630018e+05,3.280433000000000447e+02
7.351136666111111408e+05,3.278386999999999603e+02
7.351136666342592798e+05,3.280433000000000447e+02
7.351136666574074188e+05,3.281456000000000017e+02
7.351136666805555578e+05,3.278386999999999603e+02
7.351136667037036968e+05,3.276340999999999894e+02
7.351136667268518358e+05,3.276340999999999894e+02
7.351136667499999749e+05,3.278386999999999603e+02
7.351136667731481139e+05,3.279409999999999741e+02
7.351136667962963693e+05,3.278386999999999603e+02
7.351136668194445083e+05,3.277364000000000033e+02
7.351136668425926473e+05,3.277364000000000033e+02
7.351136668657407863e+05,3.279409999999999741e+02
7.351136668888889253e+05,3.280433000000000447e+02
7.351136669120370643e+05,3.278386999999999603e+02
7.351136669351852033e+05,3.277364000000000033e+02
7.351136669583333423e+05,3.278386999999999603e+02
7.351136669814814813e+05,3.278386999999999603e+02
7.351136670046296204e+05,3.277364000000000033e+02
7.351136670277777594e+05,3.276340999999999894e+02
7.351136670509258984e+05,3.277364000000000033e+02
7.351136670740740374e+05,3.281456000000000017e+02
7.351136670972222928e+05,3.274295000000000186e+02
7.351136671203704318e+05,3.275318000000000325e+02
7.351136671435185708e+05,3.275318000000000325e+02
7.351136671666667098e+05,3.275318000000000325e+02
7.351136671898148488e+05,3.276340999999999894e+02
7.351136672129629878e+05,3.275318000000000325e+02
7.351136672361111268e+05,3.277364000000000033e+02
7.351136672592592658e+05,3.278386999999999603e+02
7.351136672824074049e+05,3.276340999999999894e+02
7.351136673055555439e+05,3.275318000000000325e+02
7.351136673287036829e+05,3.275318000000000325e+02
7.351136673518518219e+05,3.277364000000000033e+02
7.351136673750000773e+05,3.274295000000000186e+02
7.351136673981482163e+05,3.274295000000000186e+02
7.351136674212963553e+05,3.273271999999999480e+02
7.351136674444444943e+05,3.273271999999999480e+02
7.351136674675926333e+05,3.273271999999999480e+02
7.351136674907407723e+05,3.273271999999999480e+02
7.351136675138889113e+05,3.273271999999999480e+02
7.351136675370370504e+05,3.273271999999999480e+02
7.351136675601851894e+05,3.273271999999999480e+02
7.351136675833333284e+05,3.272248999999999910e+02
7.351136676064814674e+05,3.272248999999999910e+02
7.351136676296296064e+05,3.276340999999999894e+02
7.351136676527777454e+05,3.273271999999999480e+02
7.351136676759260008e+05,3.272248999999999910e+02
7.351136676990741398e+05,3.272248999999999910e+02
7.351136677222222788e+05,3.271225999999999772e+02
7.351136677453704178e+05,3.272248999999999910e+02
7.351136677685185568e+05,3.273271999999999480e+02
7.351136677916666958e+05,3.272248999999999910e+02
7.351136678148148349e+05,3.272248999999999910e+02
7.351136678379629739e+05,3.271225999999999772e+02
7.351136678611111129e+05,3.270203000000000202e+02
7.351136678842592519e+05,3.265088000000000079e+02
7.351136679074073909e+05,3.265088000000000079e+02
7.351136679305555299e+05,3.265088000000000079e+02
7.351136679537036689e+05,3.265088000000000079e+02
7.351136679768519243e+05,3.265088000000000079e+02
7.351136680000000633e+05,3.264064999999999941e+02
7.351136680231482023e+05,3.264064999999999941e+02
7.351136680462963413e+05,3.264064999999999941e+02
7.351136680694444804e+05,3.263041999999999803e+02
7.351136680925926194e+05,3.264064999999999941e+02
7.351136681157407584e+05,3.264064999999999941e+02
7.351136681388888974e+05,3.264064999999999941e+02
7.351136681620370364e+05,3.264064999999999941e+02
7.351136681851851754e+05,3.264064999999999941e+02
7.351136682083333144e+05,3.264064999999999941e+02
7.351136682314814534e+05,3.264064999999999941e+02
7.351136682546297088e+05,3.263041999999999803e+02
7.351136682777778478e+05,3.263041999999999803e+02
7.351136683009259868e+05,3.263041999999999803e+02
7.351136683240741258e+05,3.259972999999999956e+02
7.351136683472222649e+05,3.258949999999999818e+02
7.351136683703704039e+05,3.257926999999999680e+02
7.351136683935185429e+05,3.256904000000000110e+02
7.351136684166666819e+05,3.255880999999999972e+02
7.351136684398148209e+05,3.256904000000000110e+02
7.351136684629629599e+05,3.257926999999999680e+02
7.351136684861110989e+05,3.255880999999999972e+02
7.351136685092592379e+05,3.254858000000000402e+02
7.351136685324073769e+05,3.252811999999999557e+02
7.351136685555556323e+05,3.253834999999999695e+02
7.351136685787037713e+05,3.253834999999999695e+02
7.351136686018519104e+05,3.252811999999999557e+02
7.351136686250000494e+05,3.251788999999999987e+02
7.351136686481481884e+05,3.251788999999999987e+02
7.351136686712963274e+05,3.250765999999999849e+02
7.351136686944444664e+05,3.249743000000000279e+02
7.351136687175926054e+05,3.249743000000000279e+02
7.351136687407407444e+05,3.247697000000000003e+02
7.351136687638888834e+05,3.248720000000000141e+02
7.351136687870370224e+05,3.246673999999999864e+02
7.351136688101851614e+05,3.243605000000000018e+02
7.351136688333333004e+05,3.240535999999999603e+02
7.351136688564815558e+05,3.239513000000000034e+02
7.351136688796296949e+05,3.238489999999999895e+02
7.351136689027778339e+05,3.237466999999999757e+02
7.351136689259259729e+05,3.236444000000000187e+02
7.351136689490741119e+05,3.235421000000000049e+02
7.351136689722222509e+05,3.228260000000000218e+02
7.351136689953703899e+05,3.221098999999999819e+02
7.351136690185185289e+05,3.222121999999999957e+02
7.351136690416666679e+05,3.213937999999999988e+02
7.351136690648148069e+05,3.205754000000000019e+02
7.351136690879629459e+05,3.206776999999999589e+02
7.351136691111110849e+05,3.202685000000000173e+02
7.351136691342592239e+05,3.200638999999999896e+02
7.351136691574074794e+05,3.199615999999999758e+02
7.351136691805556184e+05,3.198593000000000188e+02
7.351136692037037574e+05,3.198593000000000188e+02
7.351136692268518964e+05,3.197570000000000050e+02
7.351136692500000354e+05,3.198593000000000188e+02
7.351136692731481744e+05,3.199615999999999758e+02
7.351136692962963134e+05,3.199615999999999758e+02
7.351136693194444524e+05,3.199615999999999758e+02
7.351136693425925914e+05,3.199615999999999758e+02
7.351136693657407304e+05,3.198593000000000188e+02
7.351136693888888694e+05,3.198593000000000188e+02
7.351136694120370084e+05,3.198593000000000188e+02
7.351136694351852639e+05,3.198593000000000188e+02
7.351136694583334029e+05,3.197570000000000050e+02
7.351136694814815419e+05,3.197570000000000050e+02
7.351136695046296809e+05,3.197570000000000050e+02
7.351136695277778199e+05,3.197570000000000050e+02
7.351136695509259589e+05,3.196546999999999912e+02
7.351136695740740979e+05,3.196546999999999912e+02
7.351136695972222369e+05,3.196546999999999912e+02
7.351136696203703759e+05,3.195524000000000342e+02
7.351136696435185149e+05,3.195524000000000342e+02
7.351136696666666539e+05,3.194500999999999635e+02
7.351136696898147929e+05,3.193478000000000065e+02
7.351136697129629320e+05,3.192454999999999927e+02
7.351136697361111874e+05,3.192454999999999927e+02
7.351136697592593264e+05,3.191431999999999789e+02
7.351136697824074654e+05,3.190409000000000219e+02
7.351136698055556044e+05,3.190409000000000219e+02
7.351136698287037434e+05,3.190409000000000219e+02
7.351136698518518824e+05,3.187339999999999804e+02
7.351136698750000214e+05,3.187339999999999804e+02
7.351136698981481604e+05,3.185294000000000096e+02
7.351136699212962994e+05,3.185294000000000096e+02
7.351136699444444384e+05,3.187339999999999804e+02
7.351136699675925774e+05,3.187339999999999804e+02
7.351136699907407165e+05,3.188362999999999943e+02
7.351136700138888555e+05,3.188362999999999943e+02
7.351136700370371109e+05,3.188362999999999943e+02
7.351136700601852499e+05,3.189386000000000081e+02
7.351136700833333889e+05,3.189386000000000081e+02
7.351136701064815279e+05,3.189386000000000081e+02
7.351136701296296669e+05,3.189386000000000081e+02
7.351136701527778059e+05,3.190409000000000219e+02
7.351136701759259449e+05,3.190409000000000219e+02
7.351136701990740839e+05,3.190409000000000219e+02
7.351136702222222229e+05,3.190409000000000219e+02
7.351136702453703620e+05,3.191431999999999789e+02
7.351136702685185010e+05,3.191431999999999789e+02
7.351136702916666400e+05,3.189386000000000081e+02
7.351136703148147790e+05,3.189386000000000081e+02
7.351136703379630344e+05,3.187339999999999804e+02
7.351136703611111734e+05,3.185294000000000096e+02
7.351136703842593124e+05,3.188362999999999943e+02
7.351136704074074514e+05,3.188362999999999943e+02
7.351136704305555904e+05,3.187339999999999804e+02
7.351136704537037294e+05,3.184270999999999958e+02
7.351136704768518684e+05,3.188362999999999943e+02
7.351136705000000075e+05,3.190409000000000219e+02
7.351136705231481465e+05,3.192454999999999927e+02
7.351136705462962855e+05,3.192454999999999927e+02
7.351136705694444245e+05,3.192454999999999927e+02
7.351136705925925635e+05,3.193478000000000065e+02
7.351136706157408189e+05,3.193478000000000065e+02
7.351136706388889579e+05,3.194500999999999635e+02
7.351136706620370969e+05,3.193478000000000065e+02
7.351136706851852359e+05,3.194500999999999635e+02
7.351136707083333749e+05,3.194500999999999635e+02
7.351136707314815139e+05,3.193478000000000065e+02
7.351136707546296529e+05,3.193478000000000065e+02
7.351136707777777920e+05,3.191431999999999789e+02
7.351136708009259310e+05,3.192454999999999927e+02
7.351136708240740700e+05,3.192454999999999927e+02
7.351136708472222090e+05,3.193478000000000065e+02
7.351136708703703480e+05,3.194500999999999635e+02
7.351136708935184870e+05,3.195524000000000342e+02
7.351136709166667424e+05,3.197570000000000050e+02
7.351136709398148814e+05,3.196546999999999912e+02
7.351136709629630204e+05,3.199615999999999758e+02
7.351136709861111594e+05,3.200638999999999896e+02
7.351136710092592984e+05,3.200638999999999896e+02
7.351136710324074375e+05,3.198593000000000188e+02
7.351136710555555765e+05,3.198593000000000188e+02
7.351136710787037155e+05,3.201661999999999466e+02
7.351136711018518545e+05,3.201661999999999466e+02
7.351136711249999935e+05,3.200638999999999896e+02
7.351136711481481325e+05,3.199615999999999758e+02
7.351136711712962715e+05,3.200638999999999896e+02
7.351136711944444105e+05,3.197570000000000050e+02
7.351136712175926659e+05,3.196546999999999912e+02
7.351136712407408049e+05,3.198593000000000188e+02
7.351136712638889439e+05,3.200638999999999896e+02
7.351136712870370829e+05,3.196546999999999912e+02
7.351136713101852220e+05,3.195524000000000342e+02
7.351136713333333610e+05,3.194500999999999635e+02
7.351136713564815000e+05,3.200638999999999896e+02
7.351136713796296390e+05,3.198593000000000188e+02
7.351136714027777780e+05,3.201661999999999466e+02
7.351136714259259170e+05,3.202685000000000173e+02
7.351136714490740560e+05,3.202685000000000173e+02
7.351136714722221950e+05,3.203708000000000311e+02
7.351136714953703340e+05,3.199615999999999758e+02
7.351136715185185894e+05,3.196546999999999912e+02
7.351136715416667284e+05,3.196546999999999912e+02
7.351136715648148675e+05,3.196546999999999912e+02
7.351136715879630065e+05,3.195524000000000342e+02
7.351136716111111455e+05,3.198593000000000188e+02
7.351136716342592845e+05,3.200638999999999896e+02
7.351136716574074235e+05,3.198593000000000188e+02
7.351136716805555625e+05,3.198593000000000188e+02
7.351136717037037015e+05,3.199615999999999758e+02
7.351136717268518405e+05,3.198593000000000188e+02
7.351136717499999795e+05,3.194500999999999635e+02
7.351136717731481185e+05,3.194500999999999635e+02
7.351136717962963739e+05,3.193478000000000065e+02
7.351136718194445129e+05,3.194500999999999635e+02
7.351136718425926520e+05,3.196546999999999912e+02
7.351136718657407910e+05,3.195524000000000342e+02
7.351136718888889300e+05,3.194500999999999635e+02
7.351136719120370690e+05,3.283501999999999725e+02
7.351136719351852080e+05,3.193478000000000065e+02
7.351136719583333470e+05,3.194500999999999635e+02
7.351136719814814860e+05,3.194500999999999635e+02
7.351136720046296250e+05,3.194500999999999635e+02
7.351136720277777640e+05,3.193478000000000065e+02
7.351136720509259030e+05,3.192454999999999927e+02
7.351136720740740420e+05,3.191431999999999789e+02
7.351136720972222975e+05,3.191431999999999789e+02
7.351136721203704365e+05,3.194500999999999635e+02
7.351136721435185755e+05,3.193478000000000065e+02
7.351136721666667145e+05,3.192454999999999927e+02
7.351136721898148535e+05,3.190409000000000219e+02
7.351136722129629925e+05,3.192454999999999927e+02
7.351136722361111315e+05,3.268156999999999925e+02
7.351136722592592705e+05,3.191431999999999789e+02
7.351136722824074095e+05,3.192454999999999927e+02
7.351136723055555485e+05,3.193478000000000065e+02
7.351136723287036875e+05,3.194500999999999635e+02
7.351136723518518265e+05,3.193478000000000065e+02
7.351136723749999655e+05,3.192454999999999927e+02
7.351136723981482210e+05,3.192454999999999927e+02
7.351136724212963600e+05,3.193478000000000065e+02
7.351136724444444990e+05,3.194500999999999635e+02
7.351136724675926380e+05,3.193478000000000065e+02
7.351136724907407770e+05,3.194500999999999635e+02
7.351136725138889160e+05,3.194500999999999635e+02
7.351136725370370550e+05,3.194500999999999635e+02
7.351136725601851940e+05,3.194500999999999635e+02
7.351136725833333330e+05,3.195524000000000342e+02
7.351136726064814720e+05,3.194500999999999635e+02
7.351136726296296110e+05,3.195524000000000342e+02
7.351136726527777500e+05,3.195524000000000342e+02
7.351136726759260055e+05,3.195524000000000342e+02
7.351136726990741445e+05,3.195524000000000342e+02
7.351136727222222835e+05,3.196546999999999912e+02
7.351136727453704225e+05,3.197570000000000050e+02
7.351136727685185615e+05,3.195524000000000342e+02
7.351136727916667005e+05,3.195524000000000342e+02
7.351136728148148395e+05,3.195524000000000342e+02
7.351136728379629785e+05,3.195524000000000342e+02
7.351136728611111175e+05,3.195524000000000342e+02
7.351136728842592565e+05,3.194500999999999635e+02
7.351136729074073955e+05,3.193478000000000065e+02
7.351136729305555345e+05,3.192454999999999927e+02
7.351136729537036736e+05,3.195524000000000342e+02
7.351136729768519290e+05,3.195524000000000342e+02
7.351136730000000680e+05,3.194500999999999635e+02
7.351136730231482070e+05,3.194500999999999635e+02
7.351136730462963460e+05,3.194500999999999635e+02
7.351136730694444850e+05,3.195524000000000342e+02
7.351136730925926240e+05,3.194500999999999635e+02
7.351136731157407630e+05,3.194500999999999635e+02
7.351136731388889020e+05,3.195524000000000342e+02
7.351136731620370410e+05,3.195524000000000342e+02
7.351136731851851800e+05,3.195524000000000342e+02
7.351136732083333191e+05,3.194500999999999635e+02
7.351136732314814581e+05,3.194500999999999635e+02
7.351136732546295971e+05,3.194500999999999635e+02
7.351136732777778525e+05,3.194500999999999635e+02
7.351136733009259915e+05,3.193478000000000065e+02
7.351136733240741305e+05,3.193478000000000065e+02
7.351136733472222695e+05,3.193478000000000065e+02
7.351136733703704085e+05,3.193478000000000065e+02
7.351136733935185475e+05,3.192454999999999927e+02
7.351136734166666865e+05,3.193478000000000065e+02
7.351136734398148255e+05,3.193478000000000065e+02
7.351136734629629645e+05,3.192454999999999927e+02
7.351136734861111036e+05,3.192454999999999927e+02
7.351136735092592426e+05,3.193478000000000065e+02
7.351136735324073816e+05,3.193478000000000065e+02
7.351136735555555206e+05,3.194500999999999635e+02
7.351136735787037760e+05,3.194500999999999635e+02
7.351136736018519150e+05,3.194500999999999635e+02
7.351136736250000540e+05,3.196546999999999912e+02
7.351136736481481930e+05,3.195524000000000342e+02
7.351136736712963320e+05,3.196546999999999912e+02
7.351136736944444710e+05,3.196546999999999912e+02
7.351136737175926100e+05,3.197570000000000050e+02
7.351136737407407491e+05,3.198593000000000188e+02
7.351136737638888881e+05,3.199615999999999758e+02
7.351136737870370271e+05,3.196546999999999912e+02
7.351136738101851661e+05,3.194500999999999635e+02
7.351136738333333051e+05,3.194500999999999635e+02
7.351136738564815605e+05,3.194500999999999635e+02
7.351136738796296995e+05,3.194500999999999635e+02
7.351136739027778385e+05,3.193478000000000065e+02
7.351136739259259775e+05,3.193478000000000065e+02
7.351136739490741165e+05,3.273271999999999480e+02
7.351136739722222555e+05,3.193478000000000065e+02
7.351136739953703946e+05,3.193478000000000065e+02
7.351136740185185336e+05,3.193478000000000065e+02
7.351136740416666726e+05,3.193478000000000065e+02
7.351136740648148116e+05,3.192454999999999927e+02
7.351136740879629506e+05,3.192454999999999927e+02
7.351136741111110896e+05,3.192454999999999927e+02
7.351136741342592286e+05,3.192454999999999927e+02
7.351136741574074840e+05,3.191431999999999789e+02
7.351136741805556230e+05,3.191431999999999789e+02
7.351136742037037620e+05,3.191431999999999789e+02
7.351136742268519010e+05,3.192454999999999927e+02
7.351136742500000400e+05,3.262019000000000233e+02
7.351136742731481791e+05,3.192454999999999927e+02
7.351136742962963181e+05,3.191431999999999789e+02
7.351136743194444571e+05,3.191431999999999789e+02
7.351136743425925961e+05,3.191431999999999789e+02
7.351136743657407351e+05,3.191431999999999789e+02
